0.5543000102043152
Confusion matrix: 
[[654  43  65  12   9   6   5   9 160  37]
 [ 64 769   7   6   3   0   5   7  46  93]
 [114  22 446 121  86  77  34  55  32  13]
 [ 59  17 106 424  62 183  31  65  20  33]
 [ 58  19 163  71 407  81  43 133  19   6]
 [ 35  15 106 233  35 441   9  97  17  12]
 [ 34  27  94 116  95  47 494  44  16  33]
 [ 40  15  58  53  42  85   3 642   6  56]
 [141  63  27  18   2   5   3   7 702  32]
 [ 69 242  13  13   3   6   3  20  67 564]]
Classification report: 
              precision    recall  f1-score   support

           0       0.52      0.65      0.58      1000
           1       0.62      0.77      0.69      1000
           2       0.41      0.45      0.43      1000
           3       0.40      0.42      0.41      1000
           4       0.55      0.41      0.47      1000
           5       0.47      0.44      0.46      1000
           6       0.78      0.49      0.61      1000
           7       0.59      0.64      0.62      1000
           8       0.65      0.70      0.67      1000
           9       0.64      0.56      0.60      1000

    accuracy                           0.55     10000
   macro avg       0.56      0.55      0.55     10000
weighted avg       0.56      0.55      0.55     10000



0.6413000226020813
Confusion matrix: 
[[722  20  35   5  36   5   6  23  72  76]
 [ 27 720   4   2   8   4   6  14  28 187]
 [ 93   9 443  16 167  86  62  86  19  19]
 [ 32  17  74 265 110 227  71 129  36  39]
 [ 26   3  40  15 634  35  42 183  14   8]
 [ 17   8  57  83  72 555  11 174   9  14]
 [ 10  11  52  48  70  41 691  41  18  18]
 [ 13   7  20   9  41  36   6 845   3  20]
 [123  31   8   8  11   4   1  11 729  74]
 [ 30  74   4   4   4   6   4  46  19 809]]
Classification report: 
              precision    recall  f1-score   support

           0       0.66      0.72      0.69      1000
           1       0.80      0.72      0.76      1000
           2       0.60      0.44      0.51      1000
           3       0.58      0.27      0.36      1000
           4       0.55      0.63      0.59      1000
           5       0.56      0.56      0.56      1000
           6       0.77      0.69      0.73      1000
           7       0.54      0.84      0.66      1000
           8       0.77      0.73      0.75      1000
           9       0.64      0.81      0.71      1000

    accuracy                           0.64     10000
   macro avg       0.65      0.64      0.63     10000
weighted avg       0.65      0.64      0.63     10000



0.6830999851226807
Confusion matrix: 
[[703  28  39  12  13   1   9  22 131  42]
 [ 20 809   9   7   3   0  13   7  42  90]
 [ 63   7 539  72  98  37  76  66  22  20]
 [ 23  13  63 481  60 113  86  87  32  42]
 [ 18   6  46  77 572  19  75 153  28   6]
 [ 16  10  63 234  35 453  34 121  14  20]
 [  4   3  29  57  33  15 823  12  12  12]
 [ 10   7  33  30  37  25  10 820   5  23]
 [ 49  33  13   5   6   3   4   8 853  26]
 [ 25  99   9   4   7   4   8  21  45 778]]
Classification report: 
              precision    recall  f1-score   support

           0       0.76      0.70      0.73      1000
           1       0.80      0.81      0.80      1000
           2       0.64      0.54      0.58      1000
           3       0.49      0.48      0.49      1000
           4       0.66      0.57      0.61      1000
           5       0.68      0.45      0.54      1000
           6       0.72      0.82      0.77      1000
           7       0.62      0.82      0.71      1000
           8       0.72      0.85      0.78      1000
           9       0.73      0.78      0.76      1000

    accuracy                           0.68     10000
   macro avg       0.68      0.68      0.68     10000
weighted avg       0.68      0.68      0.68     10000



0.6909000277519226
Confusion matrix: 
[[737  24  59   9  19   1  11  14  73  53]
 [ 18 814   7   4   2   1  11   4  22 117]
 [ 67   9 592  47 126  21  56  44  20  18]
 [ 20  24  95 439 119  82  83  78  27  33]
 [ 20   4  56  42 711   6  44  92  18   7]
 [ 20   6 103 176  80 416  32 137   8  22]
 [  4   6  61  34  67   4 788  19   9   8]
 [ 21   1  53  24  58  10   8 792   7  26]
 [ 76  32  19   7   6   0   3   8 802  47]
 [ 24  74  10   6   7   2  10  12  37 818]]
Classification report: 
              precision    recall  f1-score   support

           0       0.73      0.74      0.73      1000
           1       0.82      0.81      0.82      1000
           2       0.56      0.59      0.58      1000
           3       0.56      0.44      0.49      1000
           4       0.59      0.71      0.65      1000
           5       0.77      0.42      0.54      1000
           6       0.75      0.79      0.77      1000
           7       0.66      0.79      0.72      1000
           8       0.78      0.80      0.79      1000
           9       0.71      0.82      0.76      1000

    accuracy                           0.69     10000
   macro avg       0.69      0.69      0.68     10000
weighted avg       0.69      0.69      0.68     10000



0.6769999861717224
Confusion matrix: 
[[692  29  54  52  17  13  20  12  73  38]
 [ 20 771   9  23   6   9  31   0  34  97]
 [ 54   2 499 106  59  87 145  33  11   4]
 [ 10   2  42 626  32 156 102  16   7   7]
 [ 13   1  55 140 555  32 138  55   8   3]
 [  4   3  31 263  33 570  54  31   6   5]
 [  4   0  20  74  14   8 873   3   3   1]
 [ 11   3  29 103  55  99  25 662   4   9]
 [ 55  36  15  34   4  11  18   4 803  20]
 [ 20  99  11  52   3  14  37   9  36 719]]
Classification report: 
              precision    recall  f1-score   support

           0       0.78      0.69      0.73      1000
           1       0.82      0.77      0.79      1000
           2       0.65      0.50      0.57      1000
           3       0.42      0.63      0.51      1000
           4       0.71      0.56      0.62      1000
           5       0.57      0.57      0.57      1000
           6       0.60      0.87      0.71      1000
           7       0.80      0.66      0.73      1000
           8       0.82      0.80      0.81      1000
           9       0.80      0.72      0.76      1000

    accuracy                           0.68     10000
   macro avg       0.70      0.68      0.68     10000
weighted avg       0.70      0.68      0.68     10000



0.5934000015258789
Confusion matrix: 
[[559  20 114  31  29  20  26  16 140  45]
 [ 25 639  20  13  12  13  36   6  64 172]
 [ 44  10 438  69 102 131 143  39  15   9]
 [ 14   7  83 353  95 243 130  47  18  10]
 [ 16   8  98  57 553  61 133  58  12   4]
 [  7   6  62 132  91 583  38  73   3   5]
 [  3   3  43  57  57  24 798   8   4   3]
 [ 12   3  42  35 115 129  21 626   3  14]
 [ 82  41  27  29  15  25  21   9 701  50]
 [ 31  79  16  21  19  31  38  27  54 684]]
Classification report: 
              precision    recall  f1-score   support

           0       0.70      0.56      0.62      1000
           1       0.78      0.64      0.70      1000
           2       0.46      0.44      0.45      1000
           3       0.44      0.35      0.39      1000
           4       0.51      0.55      0.53      1000
           5       0.46      0.58      0.52      1000
           6       0.58      0.80      0.67      1000
           7       0.69      0.63      0.66      1000
           8       0.69      0.70      0.70      1000
           9       0.69      0.68      0.69      1000

    accuracy                           0.59     10000
   macro avg       0.60      0.59      0.59     10000
weighted avg       0.60      0.59      0.59     10000



0.6184999942779541
Confusion matrix: 
[[706  30  43  17  20   6   7  26 116  29]
 [ 37 777  16   6   4   3   6  13  57  81]
 [ 88  13 419  73 142  69  68  88  30  10]
 [ 42  13  74 405  83 139  58 128  34  24]
 [ 33   8  76  63 567  30  34 161  24   4]
 [ 25   6  71 168  57 468  16 146  22  21]
 [ 13  10  50  87  94  25 644  38  19  20]
 [ 19   3  28  34  46  47   5 788   8  22]
 [ 82  38  11  20  13   2   3  13 788  30]
 [ 52 172  11  13   5   3   8  35  78 623]]
Classification report: 
              precision    recall  f1-score   support

           0       0.64      0.71      0.67      1000
           1       0.73      0.78      0.75      1000
           2       0.52      0.42      0.47      1000
           3       0.46      0.41      0.43      1000
           4       0.55      0.57      0.56      1000
           5       0.59      0.47      0.52      1000
           6       0.76      0.64      0.70      1000
           7       0.55      0.79      0.65      1000
           8       0.67      0.79      0.72      1000
           9       0.72      0.62      0.67      1000

    accuracy                           0.62     10000
   macro avg       0.62      0.62      0.61     10000
weighted avg       0.62      0.62      0.61     10000



0.6521000266075134
Confusion matrix: 
[[705  28  61  19  23   8   6  21  79  50]
 [ 36 757   3  10  13  11   7  10  22 131]
 [ 77  10 433  48 138 130  66  81   9   8]
 [ 32  13  55 393 102 237  58  71  18  21]
 [ 25   4  44  45 661  36  35 131  14   5]
 [ 22   6  45 132  62 616  16  90   6   5]
 [ 15   7  49  96  66  33 695  23  10   6]
 [ 15   1  17  29  57  84   4 778   2  13]
 [112  56  18  10   9   7   5  10 731  42]
 [ 40  82   9  25   9   8  11  36  28 752]]
Classification report: 
              precision    recall  f1-score   support

           0       0.65      0.70      0.68      1000
           1       0.79      0.76      0.77      1000
           2       0.59      0.43      0.50      1000
           3       0.49      0.39      0.43      1000
           4       0.58      0.66      0.62      1000
           5       0.53      0.62      0.57      1000
           6       0.77      0.69      0.73      1000
           7       0.62      0.78      0.69      1000
           8       0.80      0.73      0.76      1000
           9       0.73      0.75      0.74      1000

    accuracy                           0.65     10000
   macro avg       0.65      0.65      0.65     10000
weighted avg       0.65      0.65      0.65     10000



0.646399974822998
Confusion matrix: 
[[650  17  63  13  15   6  12  14 158  52]
 [ 41 688   6   8  13   2  28   7  75 132]
 [ 81   5 531  66 115  35  88  42  23  14]
 [ 30  13  90 474 101  76 122  44  23  27]
 [ 33   1  86  48 637  16  89  61  23   6]
 [ 13   6 119 248  66 390  51  76  20  11]
 [  8   3  42  54  48   6 813   4  12  10]
 [ 25   2  41  36  85  45  27 702   6  31]
 [ 79  26  14   6   9   1   9   6 811  39]
 [ 45  60  13  10  10   4  23  17  50 768]]
Classification report: 
              precision    recall  f1-score   support

           0       0.65      0.65      0.65      1000
           1       0.84      0.69      0.76      1000
           2       0.53      0.53      0.53      1000
           3       0.49      0.47      0.48      1000
           4       0.58      0.64      0.61      1000
           5       0.67      0.39      0.49      1000
           6       0.64      0.81      0.72      1000
           7       0.72      0.70      0.71      1000
           8       0.68      0.81      0.74      1000
           9       0.70      0.77      0.73      1000

    accuracy                           0.65     10000
   macro avg       0.65      0.65      0.64     10000
weighted avg       0.65      0.65      0.64     10000



0.6435999870300293
Confusion matrix: 
[[717  36  24  14  21   4   4   7 115  58]
 [ 23 812   1   7   4   1   6   2  41 103]
 [129  17 447  57 134  75  33  40  33  35]
 [ 49  35  50 457  89 152  29  35  52  52]
 [ 35  13  51  71 642  28  30  75  41  14]
 [ 33  17  66 179  69 486  10  73  35  32]
 [ 23  28  53  95  93  26 617  10  29  26]
 [ 22  12  33  35  76  69   1 684  13  55]
 [ 84  45   5  11   8   2   2   2 807  34]
 [ 28 113   6   7   6   2   6   4  61 767]]
Classification report: 
              precision    recall  f1-score   support

           0       0.63      0.72      0.67      1000
           1       0.72      0.81      0.76      1000
           2       0.61      0.45      0.51      1000
           3       0.49      0.46      0.47      1000
           4       0.56      0.64      0.60      1000
           5       0.58      0.49      0.53      1000
           6       0.84      0.62      0.71      1000
           7       0.73      0.68      0.71      1000
           8       0.66      0.81      0.72      1000
           9       0.65      0.77      0.70      1000

    accuracy                           0.64     10000
   macro avg       0.65      0.64      0.64     10000
weighted avg       0.65      0.64      0.64     10000



0.3646000027656555
Confusion matrix: 
[[377  83  17  17  12  16  11  58 328  81]
 [ 21 543   4  29   5  14   7  30 125 222]
 [ 83  95 116  91 188  65  71 152  71  68]
 [ 33  71  54 210 110 154  80 117  65 106]
 [ 35  35  54  89 314  58  93 190  60  72]
 [ 31  70  61 155 105 231  56 149  84  58]
 [  7  47  27 122 186  51 314  95  22 129]
 [ 29  82  18  55  81  52  13 473  55 142]
 [ 80 109   2  26   6  28   5  25 603 116]
 [ 26 204   7  33   6   8  16  34 201 465]]
Classification report: 
              precision    recall  f1-score   support

           0       0.52      0.38      0.44      1000
           1       0.41      0.54      0.46      1000
           2       0.32      0.12      0.17      1000
           3       0.25      0.21      0.23      1000
           4       0.31      0.31      0.31      1000
           5       0.34      0.23      0.28      1000
           6       0.47      0.31      0.38      1000
           7       0.36      0.47      0.41      1000
           8       0.37      0.60      0.46      1000
           9       0.32      0.47      0.38      1000

    accuracy                           0.36     10000
   macro avg       0.37      0.36      0.35     10000
weighted avg       0.37      0.36      0.35     10000



0.45239999890327454
Confusion matrix: 
[[461  39  30  30  23  40  25  47 197 108]
 [ 19 496  10  42   2  37  28  30  73 263]
 [ 71  24 217 123 147 118 153  96  24  27]
 [ 23  12  31 345  36 210 200  66  25  52]
 [ 37  15  73  81 336  60 223 121  27  27]
 [ 14   8  56 216  56 395 109  97  18  31]
 [  1   9  41  98  87  33 670  27   9  25]
 [ 24  19  28  88  71 118  44 520  12  76]
 [108  76   9  36  15  36  22  25 478 195]
 [ 16 114   7  62   2  30  36  45  82 606]]
Classification report: 
              precision    recall  f1-score   support

           0       0.60      0.46      0.52      1000
           1       0.61      0.50      0.55      1000
           2       0.43      0.22      0.29      1000
           3       0.31      0.34      0.33      1000
           4       0.43      0.34      0.38      1000
           5       0.37      0.40      0.38      1000
           6       0.44      0.67      0.53      1000
           7       0.48      0.52      0.50      1000
           8       0.51      0.48      0.49      1000
           9       0.43      0.61      0.50      1000

    accuracy                           0.45     10000
   macro avg       0.46      0.45      0.45     10000
weighted avg       0.46      0.45      0.45     10000



0.492000013589859
Confusion matrix: 
[[579  63  38  23  30  16  16  27 155  53]
 [ 29 691  12  20   7  13  13  12  73 130]
 [ 81  29 340  92 164  68  92  90  27  17]
 [ 43  21  81 384  81 167  95  55  35  38]
 [ 53  19 115  59 461  45 104  89  40  15]
 [ 31  14  91 208  79 371  63  98  20  25]
 [  9  11  56 113 166  46 526  23  20  30]
 [ 51  32  40  67 105  91  16 527  22  49]
 [155 106   7  29  20  17  16  12 536 102]
 [ 36 253  14  31  11  10  19  39  82 505]]
Classification report: 
              precision    recall  f1-score   support

           0       0.54      0.58      0.56      1000
           1       0.56      0.69      0.62      1000
           2       0.43      0.34      0.38      1000
           3       0.37      0.38      0.38      1000
           4       0.41      0.46      0.43      1000
           5       0.44      0.37      0.40      1000
           6       0.55      0.53      0.54      1000
           7       0.54      0.53      0.53      1000
           8       0.53      0.54      0.53      1000
           9       0.52      0.51      0.51      1000

    accuracy                           0.49     10000
   macro avg       0.49      0.49      0.49     10000
weighted avg       0.49      0.49      0.49     10000



0.4830000102519989
Confusion matrix: 
[[401  34 133  10  28  19  19  37 281  38]
 [ 20 584  35  11   6  17  22  31 116 158]
 [ 31  20 525  49 131  54  73  80  28   9]
 [ 11  15 185 276  63 172 150  69  27  32]
 [ 24   3 228  35 433  27 100  98  42  10]
 [  7   9 210 141  65 342  85 103  19  19]
 [  1   7 145  58 147  25 557  26  15  19]
 [ 14  12 123  47  70  85  31 564  23  31]
 [ 66  65  50  17  25  21  16  18 661  61]
 [ 28 152  53  21  11  24  35  49 140 487]]
Classification report: 
              precision    recall  f1-score   support

           0       0.67      0.40      0.50      1000
           1       0.65      0.58      0.61      1000
           2       0.31      0.53      0.39      1000
           3       0.42      0.28      0.33      1000
           4       0.44      0.43      0.44      1000
           5       0.44      0.34      0.38      1000
           6       0.51      0.56      0.53      1000
           7       0.52      0.56      0.54      1000
           8       0.49      0.66      0.56      1000
           9       0.56      0.49      0.52      1000

    accuracy                           0.48     10000
   macro avg       0.50      0.48      0.48     10000
weighted avg       0.50      0.48      0.48     10000



0.5180000066757202
Confusion matrix: 
[[537  46  92  24  19   4  25  28 186  39]
 [ 27 700  25  11   2   5  23  26  59 122]
 [ 48  17 550  54  88  38 104  66  24  11]
 [ 24  17 174 307  46 124 212  46  21  29]
 [ 37  14 244  47 383  23 132  90  23   7]
 [ 10   9 192 194  58 332  95  80  19  11]
 [  4  11 114  47  85  15 683  15  12  14]
 [ 30  16  92  70  69  56  47 574  14  32]
 [111 100  26  26  12  11  25  13 615  61]
 [ 39 224  26  23   2  11  35  52  89 499]]
Classification report: 
              precision    recall  f1-score   support

           0       0.62      0.54      0.58      1000
           1       0.61      0.70      0.65      1000
           2       0.36      0.55      0.43      1000
           3       0.38      0.31      0.34      1000
           4       0.50      0.38      0.43      1000
           5       0.54      0.33      0.41      1000
           6       0.49      0.68      0.57      1000
           7       0.58      0.57      0.58      1000
           8       0.58      0.61      0.60      1000
           9       0.60      0.50      0.55      1000

    accuracy                           0.52     10000
   macro avg       0.53      0.52      0.51     10000
weighted avg       0.53      0.52      0.51     10000



List of accuracies: 
relu-1: 0.5543000102043152
relu-2: 0.6413000226020813
relu-3: 0.6830999851226807
relu-4: 0.6909000277519226
relu-5: 0.6769999861717224
tanh-1: 0.5934000015258789
tanh-2: 0.6184999942779541
tanh-3: 0.6521000266075134
tanh-4: 0.646399974822998
tanh-5: 0.6435999870300293
sigmoid-1: 0.3646000027656555
sigmoid-2: 0.45239999890327454
sigmoid-3: 0.492000013589859
sigmoid-4: 0.4830000102519989
sigmoid-5: 0.5180000066757202
Best config is relu-4 at 0.6909000277519226
